Multiple size <= 100
TEST 1 ARG:10 74 95 26 99 87 90 49 39 17 40 84 28 75 0 27 36 79 31 88 76 44 11 85 51 21 20 94 89 18 72 81 37 41 42 67 64 97 63 66 45 2 69 60 13 57 98 71 23 82 50 4 78 80 93 15 22 55 35 43 83 59 70 8 53 7 30 33 62 54 16 29 24 9 61 34 91 6 38 58 3 46 92 25 47 68 77 19 48 56 1 32 14 5 52 73 65 12 86 96 
TEST 1 ARG:10 74 95 26 99 87 90 49 39 17 40 84 28 75 0 27 36 79 31 88 76 44 11 85 51 21 20 94 89 18 72 81 37 41 42 67 64 97 63 66 45 2 69 60 13 57 98 71 23 82 50 4 78 80 93 15 22 55 35 43 83 59 70 8 53 7 30 33 62 54 16 29 24 9 61 34 91 6 38 58 3 46 92 25 47 68 77 19 48 56 1 32 14 5 52 73 65 12 86 96 
TEST 2 ARG:8 10 6 74 95 75 46 7 98 14 23 17 52 25 21 99 24 34 2 89 86 63 91 31 33 26 40 66 82 68 45 69 87 5 65 20 29 81 9 85 77 79 36 53 78 50 70 73 19 41 32 13 62 44 51 57 72 83 35 60 88 94 92 54 61 84 64 3 80 1 56 11 4 39 22 0 93 49 97 71 67 16 90 76 30 27 48 59 15 38 96 28 43 42 12 37 47 55 18 58 
TEST 2 ARG:8 10 6 74 95 75 46 7 98 14 23 17 52 25 21 99 24 34 2 89 86 63 91 31 33 26 40 66 82 68 45 69 87 5 65 20 29 81 9 85 77 79 36 53 78 50 70 73 19 41 32 13 62 44 51 57 72 83 35 60 88 94 92 54 61 84 64 3 80 1 56 11 4 39 22 0 93 49 97 71 67 16 90 76 30 27 48 59 15 38 96 28 43 42 12 37 47 55 18 58 
TEST 3 ARG:33 34 15 48 63 84 35 76 92 58 91 37 29 32 75 81 25 22 71 2 4 5 61 44 97 30 7 24 41 69 28 96 42 3 65 70 79 51 10 59 49 14 9 43 27 47 99 68 87 23 60 85 26 40 94 46 57 16 20 83 73 8 6 64 21 98 72 77 45 1 88 52 50 0 31 95 93 19 53 62 90 38 66 18 89 39 82 55 11 67 86 13 36 54 17 78 56 80 12 74 
TEST 3 ARG:33 34 15 48 63 84 35 76 92 58 91 37 29 32 75 81 25 22 71 2 4 5 61 44 97 30 7 24 41 69 28 96 42 3 65 70 79 51 10 59 49 14 9 43 27 47 99 68 87 23 60 85 26 40 94 46 57 16 20 83 73 8 6 64 21 98 72 77 45 1 88 52 50 0 31 95 93 19 53 62 90 38 66 18 89 39 82 55 11 67 86 13 36 54 17 78 56 80 12 74 
TEST 4 ARG:51 87 66 49 29 30 63 91 85 84 43 21 72 74 78 16 4 6 0 32 53 23 39 56 40 59 5 38 26 22 81 73 79 52 69 60 48 2 90 82 3 47 55 96 14 89 80 68 62 86 17 35 36 44 46 45 1 28 25 37 93 42 12 83 11 41 65 97 50 13 24 20 9 54 76 15 75 98 95 57 34 88 31 61 19 67 8 33 70 7 58 94 64 77 92 71 10 27 99 18 
TEST 4 ARG:51 87 66 49 29 30 63 91 85 84 43 21 72 74 78 16 4 6 0 32 53 23 39 56 40 59 5 38 26 22 81 73 79 52 69 60 48 2 90 82 3 47 55 96 14 89 80 68 62 86 17 35 36 44 46 45 1 28 25 37 93 42 12 83 11 41 65 97 50 13 24 20 9 54 76 15 75 98 95 57 34 88 31 61 19 67 8 33 70 7 58 94 64 77 92 71 10 27 99 18 
TEST 5 ARG:88 22 14 78 73 70 11 54 52 60 26 12 65 31 61 44 36 27 68 55 40 62 50 97 39 37 6 1 33 69 0 43 74 63 99 77 15 90 23 46 7 2 10 56 79 82 67 64 53 49 29 8 87 51 84 30 3 75 81 59 20 66 25 4 35 13 34 45 18 19 16 21 9 24 5 89 28 96 86 17 72 94 41 57 98 92 71 42 58 76 38 83 85 91 80 47 32 93 95 48 
TEST 5 ARG:88 22 14 78 73 70 11 54 52 60 26 12 65 31 61 44 36 27 68 55 40 62 50 97 39 37 6 1 33 69 0 43 74 63 99 77 15 90 23 46 7 2 10 56 79 82 67 64 53 49 29 8 87 51 84 30 3 75 81 59 20 66 25 4 35 13 34 45 18 19 16 21 9 24 5 89 28 96 86 17 72 94 41 57 98 92 71 42 58 76 38 83 85 91 80 47 32 93 95 48 
TEST 6 ARG:62 85 65 31 87 44 72 59 71 67 11 16 7 46 36 22 75 33 51 58 78 94 20 63 4 1 98 53 79 29 13 34 2 19 88 89 66 30 14 25 70 41 23 45 60 93 28 92 82 43 5 83 95 90 21 0 15 32 55 6 26 37 96 76 56 74 39 84 91 38 64 24 54 73 77 12 3 9 99 68 80 40 52 47 27 57 61 18 49 69 10 86 48 35 97 17 8 81 50 42 
TEST 6 ARG:62 85 65 31 87 44 72 59 71 67 11 16 7 46 36 22 75 33 51 58 78 94 20 63 4 1 98 53 79 29 13 34 2 19 88 89 66 30 14 25 70 41 23 45 60 93 28 92 82 43 5 83 95 90 21 0 15 32 55 6 26 37 96 76 56 74 39 84 91 38 64 24 54 73 77 12 3 9 99 68 80 40 52 47 27 57 61 18 49 69 10 86 48 35 97 17 8 81 50 42 
TEST 7 ARG:31 50 62 75 4 39 79 97 71 30 70 76 43 15 61 36 9 38 17 16 78 99 90 88 37 80 72 52 13 29 41 3 67 19 48 59 46 73 5 0 91 96 89 49 51 95 54 64 14 58 11 66 87 35 25 55 27 93 1 33 77 6 21 42 40 57 32 65 83 81 84 20 47 74 68 34 92 44 69 26 23 28 98 18 12 22 45 10 86 7 60 82 53 94 24 2 85 8 56 63 
TEST 7 ARG:31 50 62 75 4 39 79 97 71 30 70 76 43 15 61 36 9 38 17 16 78 99 90 88 37 80 72 52 13 29 41 3 67 19 48 59 46 73 5 0 91 96 89 49 51 95 54 64 14 58 11 66 87 35 25 55 27 93 1 33 77 6 21 42 40 57 32 65 83 81 84 20 47 74 68 34 92 44 69 26 23 28 98 18 12 22 45 10 86 7 60 82 53 94 24 2 85 8 56 63 
TEST 8 ARG:37 88 75 27 90 76 67 98 57 41 78 66 34 60 49 14 13 18 29 30 50 33 95 62 31 89 32 96 87 59 43 24 72 68 25 12 97 28 0 83 39 86 16 3 38 1 85 51 71 22 2 70 92 81 10 19 15 20 36 55 79 52 58 69 64 6 93 26 48 4 94 73 42 63 9 65 80 8 91 45 99 56 82 5 46 21 44 84 77 47 54 11 35 61 7 40 23 74 53 17 
TEST 8 ARG:37 88 75 27 90 76 67 98 57 41 78 66 34 60 49 14 13 18 29 30 50 33 95 62 31 89 32 96 87 59 43 24 72 68 25 12 97 28 0 83 39 86 16 3 38 1 85 51 71 22 2 70 92 81 10 19 15 20 36 55 79 52 58 69 64 6 93 26 48 4 94 73 42 63 9 65 80 8 91 45 99 56 82 5 46 21 44 84 77 47 54 11 35 61 7 40 23 74 53 17 
TEST 9 ARG:55 56 85 34 7 25 48 71 39 83 40 94 15 30 16 98 53 27 24 95 23 59 72 62 50 0 37 10 75 52 66 43 79 64 9 13 78 46 97 67 86 44 81 1 6 93 41 89 3 8 76 14 96 26 12 70 82 77 21 54 32 5 90 88 38 58 74 11 4 29 35 51 31 42 2 47 84 99 57 73 69 91 68 45 60 36 80 49 22 20 87 28 18 65 17 33 63 92 61 19 
TEST 9 ARG:55 56 85 34 7 25 48 71 39 83 40 94 15 30 16 98 53 27 24 95 23 59 72 62 50 0 37 10 75 52 66 43 79 64 9 13 78 46 97 67 86 44 81 1 6 93 41 89 3 8 76 14 96 26 12 70 82 77 21 54 32 5 90 88 38 58 74 11 4 29 35 51 31 42 2 47 84 99 57 73 69 91 68 45 60 36 80 49 22 20 87 28 18 65 17 33 63 92 61 19 
TEST 10 ARG:6 86 43 79 39 15 30 23 36 65 84 74 18 64 3 28 70 88 93 4 0 83 31 24 22 63 8 62 77 80 92 98 69 49 50 87 5 68 81 51 10 76 57 71 60 13 53 16 55 14 97 95 44 42 20 73 26 19 82 99 27 89 91 96 47 40 58 7 38 17 78 66 94 75 2 21 41 61 72 32 45 35 56 90 48 46 1 34 12 33 52 11 9 85 29 54 25 59 67 37 
TEST 10 ARG:6 86 43 79 39 15 30 23 36 65 84 74 18 64 3 28 70 88 93 4 0 83 31 24 22 63 8 62 77 80 92 98 69 49 50 87 5 68 81 51 10 76 57 71 60 13 53 16 55 14 97 95 44 42 20 73 26 19 82 99 27 89 91 96 47 40 58 7 38 17 78 66 94 75 2 21 41 61 72 32 45 35 56 90 48 46 1 34 12 33 52 11 9 85 29 54 25 59 67 37 
TEST 11 ARG:68 30 5 34 64 32 77 26 65 50 54 82 99 17 76 8 23 94 44 0 83 69 36 62 29 85 19 12 80 28 55 90 74 45 96 52 95 27 93 71 1 35 11 48 79 73 59 6 31 91 39 2 75 81 63 41 3 15 60 24 20 7 67 38 21 70 10 51 98 72 87 61 78 42 4 9 25 97 22 57 58 86 40 92 37 53 33 13 66 88 56 43 47 46 18 84 89 14 16 49 
TEST 11 ARG:68 30 5 34 64 32 77 26 65 50 54 82 99 17 76 8 23 94 44 0 83 69 36 62 29 85 19 12 80 28 55 90 74 45 96 52 95 27 93 71 1 35 11 48 79 73 59 6 31 91 39 2 75 81 63 41 3 15 60 24 20 7 67 38 21 70 10 51 98 72 87 61 78 42 4 9 25 97 22 57 58 86 40 92 37 53 33 13 66 88 56 43 47 46 18 84 89 14 16 49 
TEST 12 ARG:61 41 54 9 71 21 62 22 97 5 95 40 51 1 65 35 43 31 56 33 78 36 12 91 18 6 99 24 20 70 98 11 58 92 57 79 50 82 38 86 32 66 76 72 60 93 42 63 17 27 46 83 67 55 10 69 64 13 2 19 89 49 7 81 45 73 77 94 28 68 0 80 26 23 74 29 16 47 84 30 14 4 96 85 59 75 53 15 48 25 34 39 3 87 52 37 8 90 88 44 
TEST 12 ARG:61 41 54 9 71 21 62 22 97 5 95 40 51 1 65 35 43 31 56 33 78 36 12 91 18 6 99 24 20 70 98 11 58 92 57 79 50 82 38 86 32 66 76 72 60 93 42 63 17 27 46 83 67 55 10 69 64 13 2 19 89 49 7 81 45 73 77 94 28 68 0 80 26 23 74 29 16 47 84 30 14 4 96 85 59 75 53 15 48 25 34 39 3 87 52 37 8 90 88 44 
TEST 13 ARG:65 48 59 27 73 81 36 40 88 33 11 24 50 8 53 28 77 49 13 67 70 86 19 78 60 94 98 63 71 80 76 92 55 6 74 91 68 2 20 87 82 42 96 34 23 37 58 4 95 75 69 72 29 30 61 66 32 84 7 56 93 79 54 45 46 62 64 83 22 47 0 26 18 90 14 10 12 17 21 85 5 16 15 44 51 41 39 1 52 43 31 35 57 9 38 99 3 97 89 25 
TEST 13 ARG:65 48 59 27 73 81 36 40 88 33 11 24 50 8 53 28 77 49 13 67 70 86 19 78 60 94 98 63 71 80 76 92 55 6 74 91 68 2 20 87 82 42 96 34 23 37 58 4 95 75 69 72 29 30 61 66 32 84 7 56 93 79 54 45 46 62 64 83 22 47 0 26 18 90 14 10 12 17 21 85 5 16 15 44 51 41 39 1 52 43 31 35 57 9 38 99 3 97 89 25 
TEST 14 ARG:7 25 69 3 39 27 72 84 93 8 57 91 29 41 63 98 44 31 89 5 78 2 18 33 40 65 1 14 12 97 35 30 81 15 62 4 23 53 90 64 76 52 28 75 34 37 87 6 88 95 26 13 58 51 60 68 38 54 21 42 80 50 94 74 0 96 82 10 11 19 71 67 49 48 66 92 55 32 85 61 24 46 45 16 99 86 79 77 70 73 36 83 9 17 43 20 47 56 22 59 
TEST 14 ARG:7 25 69 3 39 27 72 84 93 8 57 91 29 41 63 98 44 31 89 5 78 2 18 33 40 65 1 14 12 97 35 30 81 15 62 4 23 53 90 64 76 52 28 75 34 37 87 6 88 95 26 13 58 51 60 68 38 54 21 42 80 50 94 74 0 96 82 10 11 19 71 67 49 48 66 92 55 32 85 61 24 46 45 16 99 86 79 77 70 73 36 83 9 17 43 20 47 56 22 59 
TEST 15 ARG:16 79 55 57 39 58 65 8 17 37 66 41 32 98 85 71 84 33 83 36 95 46 25 77 34 29 87 81 51 97 63 18 80 82 30 86 27 88 53 47 2 60 61 90 91 12 31 1 26 78 45 23 15 35 24 11 50 74 28 48 44 52 54 21 38 62 0 42 94 99 22 13 92 93 56 10 64 6 49 40 72 76 68 9 73 20 3 4 7 19 96 43 59 14 70 67 89 75 5 69 
TEST 15 ARG:16 79 55 57 39 58 65 8 17 37 66 41 32 98 85 71 84 33 83 36 95 46 25 77 34 29 87 81 51 97 63 18 80 82 30 86 27 88 53 47 2 60 61 90 91 12 31 1 26 78 45 23 15 35 24 11 50 74 28 48 44 52 54 21 38 62 0 42 94 99 22 13 92 93 56 10 64 6 49 40 72 76 68 9 73 20 3 4 7 19 96 43 59 14 70 67 89 75 5 69 
TEST 16 ARG:59 38 0 76 35 47 3 56 44 42 51 7 79 22 99 9 63 23 97 17 37 36 29 68 89 11 19 32 94 15 88 43 80 83 26 12 74 34 33 52 46 2 81 98 31 66 55 95 20 54 84 18 28 24 67 14 13 6 40 8 71 70 73 50 92 30 16 93 48 45 87 61 90 27 62 69 21 78 86 82 60 1 85 96 72 41 5 91 77 49 53 25 57 39 4 75 10 65 64 58 
TEST 16 ARG:59 38 0 76 35 47 3 56 44 42 51 7 79 22 99 9 63 23 97 17 37 36 29 68 89 11 19 32 94 15 88 43 80 83 26 12 74 34 33 52 46 2 81 98 31 66 55 95 20 54 84 18 28 24 67 14 13 6 40 8 71 70 73 50 92 30 16 93 48 45 87 61 90 27 62 69 21 78 86 82 60 1 85 96 72 41 5 91 77 49 53 25 57 39 4 75 10 65 64 58 
TEST 17 ARG:44 88 10 21 48 40 22 24 64 66 38 92 1 28 71 81 16 98 29 12 18 13 42 31 20 65 19 41 60 79 47 30 85 67 55 69 91 97 9 36 14 46 26 57 27 75 17 8 70 84 35 0 68 45 4 89 2 82 76 99 39 96 25 87 58 33 7 90 54 78 73 59 23 62 93 49 61 15 34 94 43 80 37 3 32 83 50 63 11 56 72 6 86 53 51 74 5 77 95 52 
TEST 17 ARG:44 88 10 21 48 40 22 24 64 66 38 92 1 28 71 81 16 98 29 12 18 13 42 31 20 65 19 41 60 79 47 30 85 67 55 69 91 97 9 36 14 46 26 57 27 75 17 8 70 84 35 0 68 45 4 89 2 82 76 99 39 96 25 87 58 33 7 90 54 78 73 59 23 62 93 49 61 15 34 94 43 80 37 3 32 83 50 63 11 56 72 6 86 53 51 74 5 77 95 52 
TEST 18 ARG:58 61 13 69 95 31 12 14 91 9 5 21 29 84 8 75 78 36 92 59 79 1 82 32 40 26 35 87 68 39 97 93 11 55 64 70 44 6 54 3 22 41 7 96 27 48 49 57 77 10 51 62 24 42 76 4 37 67 34 94 89 98 23 43 20 63 99 15 38 2 45 74 16 28 73 66 71 85 30 72 86 81 65 90 52 53 18 47 25 88 46 83 56 17 19 80 60 0 50 33 
TEST 18 ARG:58 61 13 69 95 31 12 14 91 9 5 21 29 84 8 75 78 36 92 59 79 1 82 32 40 26 35 87 68 39 97 93 11 55 64 70 44 6 54 3 22 41 7 96 27 48 49 57 77 10 51 62 24 42 76 4 37 67 34 94 89 98 23 43 20 63 99 15 38 2 45 74 16 28 73 66 71 85 30 72 86 81 65 90 52 53 18 47 25 88 46 83 56 17 19 80 60 0 50 33 
TEST 19 ARG:68 2 53 75 97 14 23 57 99 72 64 83 51 1 89 73 95 34 88 31 11 42 52 74 24 28 66 8 32 18 49 90 38 92 16 54 0 47 10 39 36 40 45 80 67 63 12 84 65 35 76 17 59 78 9 81 41 86 25 5 60 48 13 27 33 94 37 6 58 44 71 21 19 4 30 69 85 82 93 96 20 46 98 43 22 87 62 15 70 91 61 79 29 55 50 26 77 3 7 56 
TEST 19 ARG:68 2 53 75 97 14 23 57 99 72 64 83 51 1 89 73 95 34 88 31 11 42 52 74 24 28 66 8 32 18 49 90 38 92 16 54 0 47 10 39 36 40 45 80 67 63 12 84 65 35 76 17 59 78 9 81 41 86 25 5 60 48 13 27 33 94 37 6 58 44 71 21 19 4 30 69 85 82 93 96 20 46 98 43 22 87 62 15 70 91 61 79 29 55 50 26 77 3 7 56 
TEST 20 ARG:82 68 13 66 51 34 93 58 0 61 96 2 20 89 73 8 35 25 14 28 62 74 71 81 23 38 76 59 97 72 64 44 79 22 17 91 70 99 6 98 11 87 52 7 86 67 55 27 31 24 15 18 36 41 56 50 21 54 37 75 26 42 69 57 90 88 16 63 29 4 94 95 12 30 49 65 85 9 3 78 19 45 53 43 5 1 83 92 33 60 10 39 47 80 40 77 84 46 32 48 
TEST 20 ARG:82 68 13 66 51 34 93 58 0 61 96 2 20 89 73 8 35 25 14 28 62 74 71 81 23 38 76 59 97 72 64 44 79 22 17 91 70 99 6 98 11 87 52 7 86 67 55 27 31 24 15 18 36 41 56 50 21 54 37 75 26 42 69 57 90 88 16 63 29 4 94 95 12 30 49 65 85 9 3 78 19 45 53 43 5 1 83 92 33 60 10 39 47 80 40 77 84 46 32 48 
TEST 21 ARG:33 69 19 71 13 54 63 15 91 35 88 47 95 49 22 11 82 16 23 92 73 48 20 6 75 39 10 0 62 26 30 1 51 99 40 87 27 89 7 46 8 41 78 17 57 43 97 14 64 45 36 52 60 93 61 25 28 34 90 3 9 80 5 24 74 84 29 81 98 59 12 66 18 94 72 37 85 21 68 65 79 56 2 55 42 58 76 83 4 96 50 70 31 53 38 67 32 77 86 44 
TEST 21 ARG:33 69 19 71 13 54 63 15 91 35 88 47 95 49 22 11 82 16 23 92 73 48 20 6 75 39 10 0 62 26 30 1 51 99 40 87 27 89 7 46 8 41 78 17 57 43 97 14 64 45 36 52 60 93 61 25 28 34 90 3 9 80 5 24 74 84 29 81 98 59 12 66 18 94 72 37 85 21 68 65 79 56 2 55 42 58 76 83 4 96 50 70 31 53 38 67 32 77 86 44 
TEST 22 ARG:76 25 89 88 67 2 92 21 72 65 23 94 54 57 22 86 62 77 70 33 49 71 9 12 42 29 78 82 41 43 11 60 56 45 13 79 75 53 24 34 48 97 96 87 84 20 98 80 4 73 99 27 91 55 32 47 0 3 8 16 37 7 61 50 1 63 74 68 93 39 90 83 58 15 17 30 69 66 10 31 6 26 44 36 18 19 5 85 40 14 46 95 59 51 64 38 52 81 28 35 
TEST 22 ARG:76 25 89 88 67 2 92 21 72 65 23 94 54 57 22 86 62 77 70 33 49 71 9 12 42 29 78 82 41 43 11 60 56 45 13 79 75 53 24 34 48 97 96 87 84 20 98 80 4 73 99 27 91 55 32 47 0 3 8 16 37 7 61 50 1 63 74 68 93 39 90 83 58 15 17 30 69 66 10 31 6 26 44 36 18 19 5 85 40 14 46 95 59 51 64 38 52 81 28 35 
TEST 23 ARG:39 27 74 63 60 55 75 6 9 72 48 65 70 53 7 51 50 62 97 56 57 90 94 93 1 84 85 38 13 26 19 99 34 52 18 14 66 61 49 17 42 98 80 11 23 28 86 0 2 33 10 73 58 31 64 82 3 69 92 71 22 83 46 25 95 88 41 4 16 12 43 67 44 96 81 89 36 30 78 87 47 68 37 24 20 15 5 54 21 76 8 91 32 59 77 45 40 79 35 29 
TEST 23 ARG:39 27 74 63 60 55 75 6 9 72 48 65 70 53 7 51 50 62 97 56 57 90 94 93 1 84 85 38 13 26 19 99 34 52 18 14 66 61 49 17 42 98 80 11 23 28 86 0 2 33 10 73 58 31 64 82 3 69 92 71 22 83 46 25 95 88 41 4 16 12 43 67 44 96 81 89 36 30 78 87 47 68 37 24 20 15 5 54 21 76 8 91 32 59 77 45 40 79 35 29 
TEST 24 ARG:42 12 40 85 49 91 87 0 71 63 6 25 22 79 92 89 83 33 57 93 43 84 1 67 21 13 75 10 19 72 45 56 15 94 69 64 20 61 98 5 74 53 18 30 8 38 73 78 14 65 62 96 51 95 35 34 88 80 32 3 36 44 70 97 82 4 90 24 41 52 60 99 48 23 16 68 31 11 55 2 46 29 37 50 17 81 54 77 39 26 27 58 66 7 47 59 28 86 76 9 
TEST 24 ARG:42 12 40 85 49 91 87 0 71 63 6 25 22 79 92 89 83 33 57 93 43 84 1 67 21 13 75 10 19 72 45 56 15 94 69 64 20 61 98 5 74 53 18 30 8 38 73 78 14 65 62 96 51 95 35 34 88 80 32 3 36 44 70 97 82 4 90 24 41 52 60 99 48 23 16 68 31 11 55 2 46 29 37 50 17 81 54 77 39 26 27 58 66 7 47 59 28 86 76 9 
TEST 25 ARG:54 94 51 97 78 99 40 8 34 88 39 24 11 33 86 5 91 46 49 7 63 20 12 23 92 75 44 67 98 58 59 95 87 70 14 77 89 42 28 65 31 69 60 93 79 73 22 36 71 30 3 17 47 45 76 90 37 41 66 80 1 82 2 50 15 57 52 27 83 21 26 25 84 48 74 9 64 55 18 10 96 43 35 81 0 61 56 4 68 62 19 6 72 85 29 32 53 16 13 38 
TEST 25 ARG:54 94 51 97 78 99 40 8 34 88 39 24 11 33 86 5 91 46 49 7 63 20 12 23 92 75 44 67 98 58 59 95 87 70 14 77 89 42 28 65 31 69 60 93 79 73 22 36 71 30 3 17 47 45 76 90 37 41 66 80 1 82 2 50 15 57 52 27 83 21 26 25 84 48 74 9 64 55 18 10 96 43 35 81 0 61 56 4 68 62 19 6 72 85 29 32 53 16 13 38 
TEST 26 ARG:30 56 79 50 67 82 61 70 7 43 32 31 16 38 72 83 54 84 14 29 51 96 2 97 42 71 0 11 28 65 80 48 90 44 63 58 86 25 76 19 47 41 59 15 73 64 34 40 62 93 17 33 26 85 52 1 23 45 87 57 68 92 21 10 74 4 89 78 88 35 27 13 95 22 98 69 9 39 49 60 6 24 36 18 81 94 66 3 77 37 99 75 20 53 8 55 46 12 91 5 
TEST 26 ARG:30 56 79 50 67 82 61 70 7 43 32 31 16 38 72 83 54 84 14 29 51 96 2 97 42 71 0 11 28 65 80 48 90 44 63 58 86 25 76 19 47 41 59 15 73 64 34 40 62 93 17 33 26 85 52 1 23 45 87 57 68 92 21 10 74 4 89 78 88 35 27 13 95 22 98 69 9 39 49 60 6 24 36 18 81 94 66 3 77 37 99 75 20 53 8 55 46 12 91 5 
TEST 27 ARG:29 62 76 7 4 10 94 83 80 25 36 45 32 50 1 58 16 30 46 39 90 19 28 63 41 53 20 88 81 34 64 49 15 3 57 24 82 21 38 11 65 74 85 67 14 61 40 33 91 44 77 9 86 6 22 54 5 66 69 84 26 35 47 55 17 48 68 60 13 79 89 0 95 12 75 18 71 37 87 73 97 59 78 27 70 51 96 93 23 99 8 92 42 72 43 2 31 52 56 98 
TEST 27 ARG:29 62 76 7 4 10 94 83 80 25 36 45 32 50 1 58 16 30 46 39 90 19 28 63 41 53 20 88 81 34 64 49 15 3 57 24 82 21 38 11 65 74 85 67 14 61 40 33 91 44 77 9 86 6 22 54 5 66 69 84 26 35 47 55 17 48 68 60 13 79 89 0 95 12 75 18 71 37 87 73 97 59 78 27 70 51 96 93 23 99 8 92 42 72 43 2 31 52 56 98 
TEST 28 ARG:23 24 77 29 79 61 95 17 58 49 25 91 27 42 47 14 92 97 50 28 99 21 76 69 0 60 4 3 90 36 20 89 71 67 18 8 78 98 12 53 64 48 52 54 19 68 39 40 13 66 57 16 44 35 43 80 63 9 65 88 31 2 41 34 84 51 86 32 72 62 15 11 37 96 55 45 7 1 87 75 59 26 74 30 56 83 22 94 93 6 10 5 85 38 73 81 33 46 82 70 
TEST 28 ARG:23 24 77 29 79 61 95 17 58 49 25 91 27 42 47 14 92 97 50 28 99 21 76 69 0 60 4 3 90 36 20 89 71 67 18 8 78 98 12 53 64 48 52 54 19 68 39 40 13 66 57 16 44 35 43 80 63 9 65 88 31 2 41 34 84 51 86 32 72 62 15 11 37 96 55 45 7 1 87 75 59 26 74 30 56 83 22 94 93 6 10 5 85 38 73 81 33 46 82 70 
